0 0.288542 0.528704 0.18125 0.205556 0.88721
0 0.288542 0.528704 0.18125 0.205556 0.88721
0 0.293542 0.531704 0.18125 0.205556 0.88721
0 0.298542 0.534704 0.18125 0.205556 0.88721
0 0.303542 0.537704 0.18125 0.205556 0.88721
0 0.308542 0.540704 0.18125 0.205556 0.88721
0 0.313542 0.543704 0.18125 0.205556 0.88721
0 0.318542 0.546704 0.18125 0.205556 0.88721
0 0.323542 0.549704 0.18125 0.205556 0.88721
0 0.328542 0.552704 0.18125 0.205556 0.88721
0 0.333542 0.555704 0.18125 0.205556 0.88721
0 0.338542 0.558704 0.18125 0.205556 0.88721
0 0.343542 0.561704 0.18125 0.205556 0.88721
0 0.348542 0.564704 0.18125 0.205556 0.88721
0 0.353542 0.567704 0.18125 0.205556 0.88721
0 0.358542 0.570704 0.18125 0.205556 0.88721
0 0.363542 0.573704 0.18125 0.205556 0.88721
0 0.368542 0.576704 0.18125 0.205556 0.88721
0 0.373542 0.579704 0.18125 0.205556 0.88721
0 0.378542 0.582704 0.18125 0.205556 0.88721
0 0.383542 0.585704 0.18125 0.205556 0.88721
0 0.388542 0.588704 0.18125 0.205556 0.88721
0 0.393542 0.591704 0.18125 0.205556 0.88721
0 0.398542 0.594704 0.18125 0.205556 0.88721
0 0.403542 0.597704 0.18125 0.205556 0.88721
0 0.408542 0.600704 0.18125 0.205556 0.88721
0 0.413542 0.603704 0.18125 0.205556 0.88721
0 0.418542 0.606704 0.18125 0.205556 0.88721
0 0.423542 0.609704 0.18125 0.205556 0.88721
0 0.428542 0.612704 0.18125 0.205556 0.88721
0 0.433542 0.615704 0.18125 0.205556 0.88721
0 0.438542 0.618704 0.18125 0.205556 0.88721
0 0.443542 0.621704 0.18125 0.205556 0.88721
0 0.448542 0.624704 0.18125 0.205556 0.88721
0 0.453542 0.627704 0.18125 0.205556 0.88721
0 0.458542 0.630704 0.18125 0.205556 0.88721
0 0.463542 0.633704 0.18125 0.205556 0.88721
0 0.468542 0.636704 0.18125 0.205556 0.88721
0 0.473542 0.639704 0.18125 0.205556 0.88721
0 0.478542 0.642704 0.18125 0.205556 0.88721
0 0.483542 0.645704 0.18125 0.205556 0.88721
0 0.488542 0.648704 0.18125 0.205556 0.88721
0 0.493542 0.651704 0.18125 0.205556 0.88721
0 0.498542 0.654704 0.18125 0.205556 0.88721
0 0.503542 0.657704 0.18125 0.205556 0.88721
0 0.508542 0.660704 0.18125 0.205556 0.88721
0 0.513542 0.663704 0.18125 0.205556 0.88721
0 0.518542 0.666704 0.18125 0.205556 0.88721
0 0.523542 0.669704 0.18125 0.205556 0.88721
0 0.528542 0.672704 0.18125 0.205556 0.88721
0 0.533542 0.675704 0.18125 0.205556 0.88721
0 0.538542 0.678704 0.18125 0.205556 0.88721
0 0.543542 0.681704 0.18125 0.205556 0.88721
0 0.548542 0.684704 0.18125 0.205556 0.88721
0 0.553542 0.687704 0.18125 0.205556 0.88721
0 0.558542 0.690704 0.18125 0.205556 0.88721
0 0.563542 0.693704 0.18125 0.205556 0.88721
0 0.568542 0.696704 0.18125 0.205556 0.88721
0 0.573542 0.699704 0.18125 0.205556 0.88721
0 0.578542 0.702704 0.18125 0.205556 0.88721
0 0.583542 0.705704 0.18125 0.205556 0.88721
0 0.588542 0.708704 0.18125 0.205556 0.88721
0 0.593542 0.711704 0.18125 0.205556 0.88721
0 0.598542 0.714704 0.18125 0.205556 0.88721
0 0.603542 0.717704 0.18125 0.205556 0.88721
0 0.608542 0.720704 0.18125 0.205556 0.88721
0 0.613542 0.723704 0.18125 0.205556 0.88721
0 0.618542 0.726704 0.18125 0.205556 0.88721
0 0.623542 0.729704 0.18125 0.205556 0.88721
0 0.628542 0.732704 0.18125 0.205556 0.88721
0 0.633542 0.735704 0.18125 0.205556 0.88721
0 0.638542 0.738704 0.18125 0.205556 0.88721
0 0.643542 0.741704 0.18125 0.205556 0.88721
0 0.648542 0.744704 0.18125 0.205556 0.88721
0 0.653542 0.747704 0.18125 0.205556 0.88721
0 0.658542 0.750704 0.18125 0.205556 0.88721
0 0.663542 0.753704 0.18125 0.205556 0.88721
0 0.668542 0.756704 0.18125 0.205556 0.88721
0 0.673542 0.759704 0.18125 0.205556 0.88721
0 0.678542 0.762704 0.18125 0.205556 0.88721
0 0.683542 0.765704 0.18125 0.205556 0.88721
0 0.688542 0.768704 0.18125 0.205556 0.88721
0 0.693542 0.771704 0.18125 0.205556 0.88721
0 0.698542 0.774704 0.18125 0.205556 0.88721
0 0.703542 0.777704 0.18125 0.205556 0.88721
0 0.708542 0.780704 0.18125 0.205556 0.88721
0 0.713542 0.783704 0.18125 0.205556 0.88721
0 0.718542 0.786704 0.18125 0.205556 0.88721
0 0.723542 0.789704 0.18125 0.205556 0.88721
0 0.728542 0.792704 0.18125 0.205556 0.88721
0 0.733542 0.795704 0.18125 0.205556 0.88721
0 0.738542 0.798704 0.18125 0.205556 0.88721
0 0.743542 0.801704 0.18125 0.205556 0.88721
0 0.748542 0.804704 0.18125 0.205556 0.88721
0 0.753542 0.807704 0.18125 0.205556 0.88721
0 0.758542 0.810704 0.18125 0.205556 0.88721
0 0.763542 0.813704 0.18125 0.205556 0.88721
0 0.768542 0.816704 0.18125 0.205556 0.88721
0 0.773542 0.819704 0.18125 0.205556 0.88721
0 0.778542 0.822704 0.18125 0.205556 0.88721